pra3<-c(1,2,3,4,5,6)
pad4<-c(7,8,9,10,11,12)
a1<-array(c(pra3,pad4),dim = c(2,3,2))